27
25
33
27
29
30
32
40
42
39
34
37
44
41
51
52
53
58
71
63
50
44
56
40
39
35
32
40
36
33
27
20
20
24
22
22
21
22
23
25
21
20
19
20
21
22
19
20
20
21
22
24
24
22
26
25
40
35
34
37
38
44
46
47
51
53
45
45
47
54
52
53
49
45
54
55
59
54
43
36
38
42
42
30
31
30
28
28
27
25
24
25
21
23
26
27
38
30
29
38
30
27
24
30
46
45
33
38
44
64
59
50
48
52
61
69
55
52
56
65
56
64
65
65
61
55
49
54
62
46
37
41
44
29
23
23
23
26
23
18
18
22
21
21
18
20
20
19
17
19
19
18
22
27
20
20
21
24
20
31
35
40
40
60
55
50
45
46
40
50
43
58
52
54
50
44
51
41
46
53
40
39
31
43
36
35
31
29
24
26
19
20
22
20
18
18
17
18
19
18
20
20
18
19
20
23
24
23
25
30
26
37
33
27
41
39
42
46
42
42
44
45
41
45
53
46
42
37
40
41
49
47
39
57
48
55
39
39
39
31
28
25
23
26
20
19
18
20
20
19
19
19
23
19
21
27
23
27
25
23
7
5
8
2
2
5
3
5
4
6
6
5
5
5
5
5
6
9
12
7
8
9
9
11
9
5
8
6
8
7
6
6
8
8
9
8
8
8
8
10
8
8
8
10
10
5
8
9
7
6
8
5
7
7
3
4
5
4
4
4
2
3
5
6
6
9
6
8
13
8
7
8
9
8
10
10
9
10
11
9
9
7
7
9
10
8
7
6
8
7
6
8
7
12
11
9
8
4
9
6
6
6
3
5
4
4
4
5
2
4
3
3
4
5
4
5
4
5
4
10
6
11
9
9
13
14
15
10
10
12
11
6
8
11
10
12
10
10
9
10
11
15
11
9
8
12
8
3
11
8
7
7
7
6
5
6
